0 0.128125 0.4403381642512077 0.026358695652173914 0.03429951690821256
0 0.19483695652173913 0.41932367149758454 0.021739130434782608 0.028985507246376812
0 0.2529891304347826 0.6285024154589371 0.03097826086956522 0.03864734299516908
0 0.3563858695652174 0.6314009661835749 0.026358695652173914 0.0714975845410628
0 0.44782608695652176 0.5864734299516908 0.03423913043478261 0.0647342995169082
0 0.5601902173913044 0.44879227053140097 0.022554347826086958 0.051207729468599035
0 0.6532608695652175 0.43043478260869567 0.02717391304347826 0.04830917874396135
0 0.7460597826086957 0.5026570048309179 0.03125 0.07584541062801932
0 0.8490489130434783 0.5050724637681159 0.022554347826086958 0.05652173913043478
0 0.0547554347826087 0.5722222222222222 0.017663043478260868 0.04685990338164251
