0 0.2671875 0.8016304347826086 0.025 0.043478260869565216
0 0.34453125 0.8220108695652174 0.0234375 0.04076086956521739
0 0.41171875 0.8288043478260869 0.0234375 0.05434782608695652
0 0.50546875 0.84375 0.0328125 0.057065217391304345
0 0.6328125 0.6480978260869565 0.018750000000000003 0.04619565217391304
0 0.55234375 0.6019021739130435 0.029687500000000002 0.051630434782608696
0 0.6921875000000001 0.8179347826086957 0.018750000000000003 0.03260869565217391
0 0.78671875 0.8614130434782609 0.029687500000000002 0.043478260869565216
0 0.8796875000000001 0.8260869565217391 0.025 0.03804347826086957
0 0.178125 0.3559782608695652 0.03125 0.05434782608695652
