0 0.28125 0.8070652173913043 0.037500000000000006 0.043478260869565216
0 0.36328125 0.8043478260869565 0.0203125 0.03804347826086957
0 0.39140625 0.827445652173913 0.0171875 0.051630434782608696
0 0.48671875000000003 0.842391304347826 0.0140625 0.03804347826086957
0 0.6078125000000001 0.6413043478260869 0.028125 0.03804347826086957
0 0.68671875 0.6480978260869565 0.026562500000000003 0.06793478260869565
0 0.884375 0.8233695652173912 0.028125 0.043478260869565216
0 0.20703125 0.34103260869565216 0.026562500000000003 0.04076086956521739
0 0.13125 0.35190217391304346 0.021875000000000002 0.04619565217391304
0 0.74765625 0.8369565217391304 0.029687500000000002 0.048913043478260865
