0 0.88175 0.6366666666666667 0.0375 0.12
0 0.778375 0.6447222222222222 0.03375 0.10055555555555555
0 0.674125 0.4777777777777778 0.02025 0.06222222222222222
0 0.5846250000000001 0.47694444444444445 0.02875 0.08166666666666667
0 0.5155 0.5336111111111111 0.0265 0.07277777777777777
0 0.45225 0.5575 0.0265 0.06944444444444445
0 0.39437500000000003 0.7277777777777777 0.01425 0.05555555555555555
0 0.186125 0.5197222222222222 0.02275 0.041666666666666664
0 0.146 0.5308333333333334 0.0125 0.05388888888888889
0 0.101 0.5030555555555556 0.015 0.03277777777777778
0 0.049375 0.5169444444444444 0.01175 0.026111111111111113
