0 0.8114583333333334 0.3592592592592593 0.035416666666666666 0.06666666666666667
0 0.6934027777777778 0.4013888888888889 0.03402777777777778 0.06018518518518519
0 0.6315972222222223 0.46342592592592596 0.02847222222222222 0.03981481481481482
0 0.5402777777777777 0.5189814814814815 0.03194444444444445 0.05092592592592593
0 0.5309027777777778 0.6694444444444445 0.025694444444444447 0.0462962962962963
0 0.43680555555555556 0.7115740740740741 0.029166666666666667 0.049074074074074076
0 0.3180555555555556 0.45231481481481484 0.02777777777777778 0.03796296296296296
0 0.23923611111111112 0.4791666666666667 0.021527777777777778 0.03796296296296296
0 0.10034722222222223 0.5305555555555556 0.021527777777777778 0.037037037037037035
0 0.04861111111111111 0.5578703703703703 0.016666666666666666 0.03981481481481482
